	CITY	STATE	OLD	BLACK%	ASIAN%	HISP%	DEATH	POP_CH	POPDEN	CRIME	INCOME	UNEMP	POVERT	BORN_F	LANG	FAMIL1	SCHOOL	DEGREE	ASSIST	GROSS	CONDOM	LAB_F	MANLAB	TRANSP	TEMPER	PRECEP
1	NEW_YORK	NY	13	28,7	7	24,4	13,2	3,4	23671	9236	29823	8,6	19,3	28,4	41	35,6	79,1	23	13,1	496	7,2	53,7	11,4	53,4	76,8	47,3
2	LOS_ANGE	CA	10	14	9,8	39,9	10,1	17,6	7436	9730	30925	9	18,9	38,4	49,9	30,5	86,8	23	10,7	600	7,5	58	18,4	10,5	74,3	14,8
3	CHICAGO	IL	11,9	39,1	3,7	19,6	15,2	-7,9	12185	10000	26301	8,4	21,6	16,9	29,1	38,5	79,5	19,5	14,4	445	7	56,2	18,7	29,7	75,1	37,4
4	HOUSTON	TX	8,3	28,1	4,1	27,6	11,3	6	3131	10824	26261	6,1	20,7	17,8	30,7	29,6	92,3	25,1	7,1	390	8,7	60,4	11,7	6,5	83,5	50,8
5	PHILADEL	PA	15,2	39,9	2,7	5,6	17,5	-8	11492	6835	24603	8	20,3	6,6	13,7	38,6	70,8	15,2	14	452	2,4	51,5	13,6	28,7	76,7	41,4
6	SAN_DIEG	CA	10,2	9,4	11,8	20,7	8,1	31,2	3546	8537	10	6,2	13,4	20,9	29,2	23,7	91,9	29,8	8,8	602	14,2	59,3	13,9	4,2	71	9,9
7	DALLAS	TX	9,7	29,5	2,2	20,9	9,3	13	2986	15066	27489	6,9	18	12,5	22,2	29,2	90,2	27,1	5,8	426	7	62,8	14,1	6,7	85,9	36,1
8	PHOENIX	AZ	9,7	5,2	1,7	20	10,9	28,2	2411	9958	29291	5	14,2	8,6	18,7	22,8	92,8	19,9	5,8	442	6,2	61,2	14,2	3,3	93,5	7,7
9	DETROIT	MI	12,2	75,7	0,8	2,8	21	-15,9	7297	12263	18742	13,1	32,4	3,4	7,5	53,9	87,3	9,6	26,1	372	1,2	49,3	20,5	10,7	74,2	32,1
10	SAN_ANTO	TX	10,5	7	1,1	55,6	9,5	23	2902	12291	23584	7,1	22,6	9,4	47,3	26,7	92,5	17,8	9,6	369	3,1	54,8	9	4,9	85	31
11	SAN_JOSE	CA	7,2	4,7	19,5	26,6	7,8	27,3	4678	5364	26	6,4	9,3	26,5	38,5	22,7	90,9	25,3	8,9	755	10,5	63,5	31,3	3,5	69,5	14,4
12	INDIANAP	IN	11,4	22,6	0,9	1,1	12,6	6,5	2064	7357	29006	5,1	12,5	1,9	4,4	25,7	87,2	21,7	6	410	3,8	62,4	15,9	3,3	75,4	39,9
13	SAN_FRAN	CA	14,6	10,9	29,1	13,9	8,4	7,4	15609	9384	3	5,6	12,7	34	42,4	28,3	77,5	35	10,4	653	4,5	60,7	9,2	33,5	59,1	19,7
14	BALTIMOR	MD	13,7	59,2	1,1	1	18	-7,7	8986	11371	24045	9,4	21,9	3,2	6,5	46,1	85,5	15,5	16,4	413	2,2	55	12,3	22	77	40,8
15	JACKSONV	FL	10,6	25,2	1,9	2,6	11,3	22,2	871	10591	28305	6,7	13	3,4	6,5	23,8	87,5	17,9	6,5	429	2,8	60,1	9,4	2,7	81,6	51,3
16	COLUMBUS	OH	9,2	22,6	2,4	1,1	14,2	13,8	3368	10145	26651	4,8	17,2	3,7	6,3	29,1	88,4	24,6	9,4	422	5,8	63,4	11,6	4,7	73,2	38,1
17	MILWAUKE	WI	12,4	30,5	1,9	6,3	12,1	-3	6421	9044	23627	5,7	22,2	4,7	10,9	37,4	80,6	14,8	15,3	418	2,8	57,9	22,2	11	73,6	31,1
18	MEMPHIS	TN	12,2	54,8	0,8	0,7	17,6	-5,6	2384	10184	22674	5,9	23	1,4	3,8	38,1	89,3	17,5	11,8	373	2,7	57,9	12,5	4,7	82,6	52,1
19	WASHINGT	DC	12,8	65,8	1,8	5,4	23,2	-8,3	9531	10768	30727	7,7	16,9	9,7	12,5	47,2	83,9	33,3	8,9	479	10,4	61,9	4,3	36,6	80	38,6
20	BOSTON	MA	11,5	25,6	5,3	10,8	13,9	-2	11398	10837	29180	8,4	18,7	20	25,6	39,6	77,2	30	11,9	625	11,6	60,9	9,9	31,5	73,5	41,5
21	EL_PASO	TX	8,7	3,4	1,2	69	8,2	27,9	2216	9630	23460	10,6	25,3	23,4	66,7	24,6	94,6	16,2	9,7	349	2,2	50,3	16,7	3,1	82,3	8,8
22	SEATTLE	WA	15,2	10,1	11,8	3,6	12,4	5,2	6193	12248	29353	5,1	12,4	13,1	15,4	23,8	78,6	37,9	6,4	463	4,9	62,7	13,3	15,9	65,2	37,2
23	CLEVELAN	OH	14	46,6	1	4,6	17	-12,4	6526	8945	17822	8,5	28,7	4,1	11,1	43,7	78,7	8,1	21,9	322	1	48,1	23,1	14,1	71,9	36,6
24	NASHVILL	TN	11,4	24,3	1,4	0,9	10,7	8,6	1046	8665	27821	4,7	13,4	2,5	4,4	27,4	84,7	23,6	6,5	432	7,8	62,6	12,6	2,9	79,3	47,3
25	AUSTIN	TX	7,4	12,4	3	23	8,4	42,3	2260	11295	25414	5	17,9	8,5	22,4	25,5	93,4	34,4	4,5	410	5,8	65,6	11,2	5,1	84,5	31,9
26	NEW_ORLE	LA	13	61,9	1,9	3,5	12,7	-12,2	2711	10830	18477	6,1	31,6	4,2	7,8	44	79,7	22,4	14,8	379	2,2	51,8	6,8	16,9	81,9	61,9
27	DENVER	CO	13,9	12,8	2,4	23	10,7	-1,8	3156	7625	25106	5,4	17,1	7,4	16,9	27,9	85,9	29	7,6	386	9,6	60	10	8	73,5	15,4
28	FORT_WOR	TX	11,2	22	2	19,5	9,9	18	1617	16973	26547	8,1	17,4	9	19,4	24,6	90,9	21,5	6,2	403	1,7	58	21,5	1,7	85,3	33,7
29	OKLAHOMA	OK	11,9	16	2,4	5	11,8	12,4	746	11073	25741	6,1	15,9	4,2	7,5	22,9	90,3	21,6	6,6	364	3,3	59	12	1,1	82	33,4
30	PORTLAND	OR	14,6	7,7	5,3	3,2	11	21	3572	11182	25592	5,3	14,5	7,7	10	25,1	89,1	25,9	6,9	397	1,8	59,1	15,1	11	68,2	36,3
31	LONG_BEA	CA	10,8	13,7	13,6	23,6	9,9	21,4	8775	9131	31938	7,7	16,8	24,3	32,8	29	91,6	23,2	11,3	605	7,5	56,6	20,4	6	73,1	11,8
32	KANSAS_C	MO	12,9	29,6	1,2	3,9	13,2	-3,7	1385	13198	26713	6,9	15,3	2,8	6,5	29,3	85,6	22	7,9	404	2,5	61,3	13,7	5,8	78,5	37,6
33	VIRGINIA	VA	5,9	13,9	4,3	3,1	13,5	59,1	1680	5863	25	5,4	5,9	5,2	7,9	15,9	93,1	25,5	3	577	6,5	65,1	8,5	0,8	78,2	44,6
34	CHARLOTT	NC	9,8	31,8	1,8	1,4	13,7	32	2388	12643	31873	5	10,8	3,8	6,3	25,8	89,3	28,4	5,2	462	8,3	65,3	14,3	4,5	79,3	43,1
35	TUCSON	AZ	12,6	4,3	2,2	29,3	10,9	25,6	2656	10401	21748	3,9	20,2	10,7	27,1	25,8	91,9	20,7	6,6	377	4,8	56,4	9,5	4,2	86,6	12
36	ALBUQUER	NM	11,1	3	1,7	34,5	10	19,7	3014	10284	27555	5	14	5,5	25,3	23,1	91,3	28,4	5,5	402	2,5	60,4	9,4	2	78,5	8,9
37	ATLANTA	GA	11,3	67,1	0,9	1,9	16,5	-7,1	2996	18953	22275	6,5	27,3	3,4	5,8	49	90,3	26,6	13,6	422	6,1	56,7	9,4	20	78,8	50,8
38	ST__LOUI	MO	16,6	47,5	0,9	1,3	14,6	-15,3	6199	16031	19458	9	24,6	2,5	5,1	43,6	77,4	15,3	13,6	342	1,6	53,1	15,1	12,2	78,4	37,9
39	SACRAMEN	CA	12,1	15,3	15	16,2	10,4	38,8	3975	10098	28183	7,2	17,2	13,7	23,8	30	90,3	23,5	16,2	495	4,4	56,5	7,7	4	75,7	17,5
40	FRESNO	CA	10,1	8,3	12,5	29,9	9	72,9	3795	12031	24923	11	24	17,1	33,1	29,3	95,9	19,1	19,6	441	4,4	52,9	9,2	2,1	81,9	10,6
41	TULSA	OK	12,7	13,6	1,4	2,6	10,4	4	2045	8887	25708	6	15	3	5,4	22,2	87,8	25,8	5,9	358	4,2	58,1	14,2	1,6	83,3	40,6
42	OAKLAND	CA	12	43,9	14,8	13,9	13,2	10	6653	12186	27095	7,3	18,8	19,8	27,3	38,9	86,7	27,2	17,8	538	3,2	56,7	10,6	17,9	62,1	24,3
43	HONOLULU	HI	16	1,3	70,5	4,6	4,9	1,7	4485	5959	15	2,3	8,4	21,4	33,8	22	76,1	27,7	5,8	623	29,7	61,2	5,7	13,4	78,9	21,5
44	MIAMI	FL	16,6	27,4	0,6	62,5	7,2	5,9	10309	18394	16925	10,7	31,2	59,7	73,3	39,1	90,3	12,8	18	404	11,1	50,7	14,4	12,9	82,6	55,9
45	PITTSBUR	PA	17,9	25,8	1,6	0,9	14,7	-13,5	6598	8219	20747	5,4	21,4	4,6	8,5	35,3	75,8	20,1	13,7	368	2,7	49,7	8,5	22,2	72,1	36,9
46	CINCINNA	OH	13,9	37,9	1,1	0,7	11,1	-5,5	4719	9722	21006	5,9	24,3	2,8	5,4	39,1	81,3	22,2	14,3	329	2	55,1	15,4	11,2	76,4	40,7
47	MINNEAPO	MN	13	13	4,3	2,1	11,3	-2,2	6606	11282	25324	4,8	18,5	6,1	9,5	32	84,8	30,3	10,5	424	3,6	62,6	14,1	16	73,6	28,3
48	OMAHA	NE	12,9	13,1	1	3,1	11,6	8,2	3376	7081	26927	3,2	12,6	2,8	5,7	25,2	81,7	23,1	6,5	386	1,7	61,8	11,8	3,2	76,9	29,9
49	TOLEDO	OH	13,6	19,7	1	4	10,9	-7,1	4086	9503	24819	9,6	19,1	2,8	6,9	28,8	78,5	14,1	12,3	378	1,4	54,4	19,6	3	72,1	33
50	BUFFALO	NY	14,8	30,7	1	4,9	14,6	-9,7	7963	9555	18482	9,5	25,6	4,5	12,4	40,6	84	16	18,7	352	0,7	51,6	16,2	13,4	71,1	38,6
51	WICHITA	KS	12,4	11,3	2,6	5	9,4	11,4	2708	9830	28024	4,7	12,5	4	7,3	21,2	86,8	22,7	6,3	395	2,5	60,8	25,4	1,2	81,4	29,3
52	MESA	AZ	12,4	1,9	1,5	10,9	8,7	94,6	2732	7595	30273	4,6	9,5	4,9	10,4	17,2	96,1	21	3,8	470	7,1	58,5	18,5	0,9	91,2	8,5
53	COLORADO	CO	9,2	7	2,4	9,1	10,8	37,5	1615	7441	28928	5,9	10,9	4,7	9,1	18,1	93,6	27,5	5,3	413	5,6	61	15,9	1,3	70,8	16,2
54	LAS_VEGA	NV	10,3	11,4	3,6	12,5	5,5	79,5	3548	7431	30590	6,1	11,5	10,3	15,2	25,1	93	13,4	6	490	5,4	63,5	4,3	2,9	91,1	4,1
55	SANTA_AN	CA	5,6	2,6	9,7	65,2	7,1	41,2	10628	7654	74	6,2	18,1	50,9	69,2	24,8	94,6	10,6	8,5	736	16,1	61,1	29,9	8,4	72,6	12,3
56	TAMPA	FL	14,6	25	1,4	15	11,7	4,8	2619	16557	22772	6,7	19,4	8	17,8	30,2	88,4	18,7	9,5	408	4,6	56,9	9,9	3,4	82,1	43,9
57	ARLINGTO	TX	5	8,4	3,9	8,9	8	72,3	2967	9480	8	5,4	8,2	7,6	12,6	17,8	92,5	30	2,7	444	3,4	69,7	18,9	0,2	85,3	33,7
58	ANAHEIM	CA	8,4	2,5	9,4	31,4	6	24,9	6189	7152	53	5,4	10,6	28,4	37,4	22,2	91,6	18,8	6,6	712	8,4	63,5	24,3	3,8	72,6	12,3
59	LOUISVIL	KY	16,6	29,7	0,7	0,7	16,8	-9,3	4365	6425	20141	7,7	22,6	1,5	3,3	34,1	82,7	17,2	11,5	308	3,1	52,6	16,3	8,5	77,2	44,4
60	ST__PAUL	MN	13,7	7,4	7,1	4,2	10,3	-0,7	5081	7892	26498	5,1	16,7	7,3	11,2	28	80,7	26,5	9,7	424	2,9	60,4	17,2	10,5	73,6	28,3
61	NEWARK	NJ	9,3	58,5	1,2	26,1	19,8	-18,6	11254	14806	21650	12,6	26,3	18,7	36,8	49,4	86,3	8,5	22,2	445	2,1	53,4	20,6	24,6	77,8	44
62	CORPUS_C	TX	10,1	4,8	0,9	50,4	8,4	14,8	1973	10443	25773	7,6	20	5,3	42	23,4	94	17,8	8,9	373	2,8	54,6	9,4	1,9	84,1	30,1
63	BIRMINGH	AL	14,8	63,3	0,6	0,4	19,2	-6,8	1784	12586	19193	7,3	24,8	1,2	3,6	38,2	90,5	16,2	10,8	322	1,6	53,7	12,4	3,6	79,8	54,6
64	NORFOLK	VA	10,5	39,1	2,6	2,9	15,5	-4,9	4717	9251	23563	6,4	19,3	3,7	7,2	29,4	91	16,8	9,3	438	2,9	53,4	10,3	4,7	78,2	44,6
65	ANCHORAG	AK	3,6	6,4	4,8	4,1	11,4	41	145	6687	19	6,7	7,1	5,9	9,7	19,3	95	26,9	6,4	564	9,2	69,5	3,6	2,5	58,4	15,9
66	AURORA	CO	6,8	11,4	3,8	6,6	9,7	51,1	1808	8631	22	4,4	7,4	5,6	8,8	22,2	95,2	26,3	3,9	455	17,4	71	9,6	3,9	73,5	15,4
67	RIVERSID	CA	8,9	7,4	5,2	26	9,7	39,9	3071	8935	50	10,4	11,9	15,5	25	23,1	91,4	19,3	8,9	575	4,3	57,1	16,7	1,6	77,9	9,6
68	ST__PETE	FL	22,2	19,6	1,7	2,6	11,9	-1,4	3975	11023	23577	7,2	13,6	7,2	8,8	24,5	89,2	18,6	6,1	417	8,5	52,5	12,8	3	83,1	48,6
69	ROCHESTE	NY	12,1	31,5	1,8	8,7	12	-3,1	6541	11196	22785	7	23,5	6,2	14,2	43,1	85,5	19	16,5	442	1,1	56,9	24,8	10,7	70,2	32
70	LEXINGTO	KY	9,9	13,4	1,6	1,1	12,6	13,9	817	7018	28056	3,8	14,1	2,9	4,8	22,5	90	30,6	5,6	394	3,6	61,6	12,4	1,6	75,8	44,6
71	JERSEY_C	NJ	11,1	29,7	11,4	24,2	13,9	2,3	15341	9201	29054	10	18,9	24,6	41,3	38	72,7	21,4	12,1	527	6,4	57,1	15,6	36,7	74,9	43,5
72	BATON_RO	LA	11,5	43,9	1,7	1,6	14,6	2	3041	13118	21898	6	26,2	3	6,9	32,3	79,9	28,3	9,9	354	4,2	55,2	9,9	1,9	82,3	60,9
73	AKRON	OH	14,9	24,5	1,2	0,7	11,3	-5,7	3595	8066	22279	7,5	20,5	3,1	6	31,2	88,9	14,9	14,2	360	2,2	51,6	20,7	3,3	71,9	36,8
74	RALEIGH	NC	8,8	27,6	2,5	1,4	12,2	46,8	2503	7790	32451	4,1	11,8	5	6,9	23,6	93,2	40,6	4,1	479	9,2	66,4	12,3	3	78,6	45
75	STOCKTON	CA	10,5	9,6	22,8	25	10,3	48,1	4175	11326	26876	11,9	21,4	22,6	36,5	27,7	94	15	21,3	476	6,1	51,1	12,3	2	77,7	14
76	RICHMOND	VA	15,4	55,2	0,9	0,9	15,5	-7,7	3365	11611	23551	6,8	20,9	1,8	4	40,5	89,2	24,2	10,2	413	1,6	57,4	12,2	12,6	78	43,2
77	MOBILE	AL	13,7	38,9	1	1	15,1	0,7	1711	12863	22446	7,3	22,4	2,1	4,1	31,3	81,1	21,4	8,4	332	1,7	53,3	12,8	1,6	82,3	64
